#usda 1.0
(
    endFrame = 156
    startFrame = 101
)

def Xform "reduced_SardineGroup_OceanA" (
    customData = {
        bool zUp = 1
    }
    kind = "chargroup"
)
{
    custom bool important = 0

    def Xform "Sardine_OceanA" (
        add references = @ref.usda@</reduced_SardineGroup_OceanA__Sardine_OceanA>
    )
    {
    }
}

def Xform "SardineGroup_OceanA" (
    customData = {
        bool zUp = 1
    }
    kind = "chargroup"
)
{
    uniform bool important = 0

    def "Sardine_OceanA" (
        add references = @ref.usda@</SardineGroup_OceanA__Sardine_OceanA>
    )
    {
        custom matrix4d constraintTargets:Anim:Body:FishBottomSpace
        matrix4d constraintTargets:Anim:Body:FishBottomSpace.timeSamples = {
            101: ( (0.999999999536202, 0, 3.0456446586736e-05, 0), (3.04564465878001e-05, 0, -0.999999999535762, 0), (0, 0.99999999999978, 0, 0), (0.00261845899206786, -1.57554554929033, -0.766421948973768, 1) ),
            102: ( (0.999999488190815, -0.00101125976481598, 3.11736284962922e-05, 0), (3.16588820783863e-05, 0.000479838120348362, -0.999999884376095, 0), (0.00101124468994732, 0.999999373554116, 0.000479869890724733, 0), (0.00355289502161691, -0.272812776630207, -0.762945298501988, 1) ),
            103: ( (0.999990899799259, -0.00426609101822349, 2.80372497094005e-05, 0), (3.25512456572498e-05, 0.00105804480288139, -0.999999439740217, 0), (0.00426605896209321, 0.999990340457433, 0.00105817404028346, 0), (0.0117749266151531, 1.06655666264994, -0.75998673512036, 1) ),
            104: ( (0.999949855028318, -0.0100143480619153, 1.61789082825382e-05, 0), (3.29448367197691e-05, 0.00167402800510455, -0.999998598271007, 0), (0.0100143069397549, 0.99994845390286, 0.00167427398168021, 0), (0.0369213097289577, 2.38589390996913, -0.75682614300639, 1) ),
            105: ( (0.999834995816085, -0.018136416777281, -0.0010254402620438, 0), (-0.000984719164958803, 0.0022540548183504, -0.999996974777502, 0), (0.0181386733089525, 0.99983298086374, 0.00223582361358168, 0), (0.085252489854865, 3.70455902720218, -0.753024277882546, 1) ),
            106: ( (0.999609828012108, -0.0276416252820153, -0.004016502640064, 0), (-0.00394110169166065, 0.00278174391077234, -0.999988364740997, 0), (0.0276524765486475, 0.999614026738321, 0.0026717200973186, 0), (0.156516872764712, 5.02230593359017, -0.749339440836967, 1) ),
            107: ( (0.999297224599237, -0.0364569021193972, -0.00871499833781513, 0), (-0.00860119152845293, 0.003277358366914, -0.99995763831553, 0), (0.0364839199114417, 0.999329852055803, 0.00296148231973392, 0), (0.239859064203702, 6.33925711059083, -0.746484105952397, 1) ),
            108: ( (0.998993378745205, -0.0423697941798195, -0.0147319301108117, 0), (-0.0145864733425085, 0.00374015190374, -0.999886616601255, 0), (0.042420089811865, 0.999094996386471, 0.00311836110443709, 0), (0.312446466326827, 7.65627857011217, -0.744916384364297, 1) ),
            109: ( (0.998785234955239, -0.0443307542141731, -0.0215136855789489, 0), (-0.0213520200414891, 0.00411714507819557, -0.999763542221649, 0), (0.0444088468290727, 0.999008425063168, 0.00316559256375728, 0), (0.353058421153702, 8.97438330218853, -0.744831098728363, 1) ),
            110: ( (0.998835800896098, -0.0390477865153114, -0.0283251340077449, 0), (-0.0281842459787116, 0.00415396987918187, -0.999594114034298, 0), (0.0391495993048839, 0.999228710007192, 0.00304860140338196, 0), (0.314795664758132, 10.2948706414676, -0.747106553504616, 1) ),
            111: ( (0.999181701512054, -0.021452139318257, -0.0342889644402649, 0), (-0.0342235438055406, 0.00340944662724342, -0.99940838735834, 0), (0.0215563543565575, 0.999764062862811, 0.00267248845383948, 0), (0.116374536248788, 11.6170400708888, -0.753364533985711, 1) ),
            112: ( (0.999226700954604, 0.00802242391628792, -0.0384920876838933, 0), (-0.0385068474245518, 0.00169348474798806, -0.99925690130715, 0), (-0.00795127671142693, 0.999966385846768, 0.00200109342337017, 0), (-0.27762645038286, 12.932670441439, -0.764713339877105, 1) ),
            113: ( (0.998374062379729, 0.0405342309406339, -0.0400775210023979, 0), (-0.0400857189963669, -0.000610814030465861, -0.999196057857454, 0), (-0.0405261236870025, 0.999177963641726, 0.00101502291159242, 0), (-0.773836244187941, 14.2331287074815, -0.782377003991018, 1) ),
            114: ( (0.997271316243277, 0.0651171622223575, -0.0347804108758632, 0), (-0.0346892657554357, -0.00253016313678142, -0.99939494351089, 0), (-0.0651657627828488, 0.997874417678863, -0.000264392564643809, 0), (-1.19618270625764, 15.5264079589198, -0.807623180805913, 1) ),
            115: ( (0.996811589517581, 0.0786051219847645, -0.0137072899908385, 0), (-0.0135267049894359, -0.00282939243589789, -0.999904506835398, 0), (-0.078636399030822, 0.996901815292799, -0.00175710286710957, 0), (-1.45319758470799, 16.8271764552323, -0.839496226504881, 1) ),
            116: ( (0.996252612204284, 0.0826541026910394, 0.0254761060831948, 0), (0.0256638083162445, -0.00120913149714796, -0.999669898988042, 0), (-0.0825960145511103, 0.996577562112504, -0.00332581947782525, 0), (-1.53847432953362, 18.1414652846934, -0.872096661455665, 1) ),
            117: ( (0.995417797107208, 0.0759260118954327, 0.0581261551985122, 0), (0.0583240825568793, -0.000390209642375627, -0.998297625525296, 0), (-0.0757740760097663, 0.997113377933036, -0.00481673657490245, 0), (-1.42192475572534, 19.4711564853941, -0.900262452906941, 1) ),
            118: ( (0.995976432105446, 0.051376443188643, 0.0734262063378768, 0), (0.0736431704950441, -0.00234027393020045, -0.997281909269762, 0), (-0.0510649598963515, 0.998676616429952, -0.00611438185668279, 0), (-0.940454336323869, 20.8175379203184, -0.925919688994374, 1) ),
            119: ( (0.996963933208864, 0.00597220157771932, 0.0776353572093329, 0), (0.0776749481245049, -0.00671017907904748, -0.996956155469996, 0), (-0.00543307596433017, 0.999959652338385, -0.00715369696822188, 0), (0.0367301285087126, 22.1548872335902, -0.949332065368732, 1) ),
            120: ( (0.996396641168515, -0.0448277651443592, 0.0720014231886348, 0), (0.0715700837261255, -0.0111559795357102, -0.997373183535092, 0), (0.045513257231578, 0.998932437951843, -0.00790745363626854, 0), (1.23056710488506, 23.4411715247001, -0.966528937857638, 1) ),
            121: ( (0.995500427158851, -0.0801923851412271, 0.0504785191521281, 0), (0.0496385866188613, -0.0124344722252035, -0.998689839048056, 0), (0.0807149939545116, 0.996701843716224, -0.00839788578142195, 0), (2.12097198482742, 24.7022861840026, -0.975794769320067, 1) ),
            122: ( (0.995112866490905, -0.0982026932661034, 0.0103254044755974, 0), (0.00942377111456541, -0.00964077649711764, -0.999909119853271, 0), (0.0982933135105794, 0.995119734737421, -0.00866822102761554, 0), (2.5986777007398, 25.9828675788642, -0.975632676041262, 1) ),
            123: ( (0.994032576220304, -0.103431629447923, -0.0346574009812964, 0), (-0.035376337943467, -0.00512396471918695, -0.999360925641299, 0), (0.103187945663569, 0.994623367417603, -0.00875242010644239, 0), (2.74954021961999, 27.2931911823348, -0.965213721425079, 1) ),
            124: ( (0.993889373934714, -0.0885218561208464, -0.0659377992612268, 0), (-0.0664417948392495, -0.00275579548514197, -0.997786496946666, 0), (0.0881442016384335, 0.996070422500721, -0.00862050685682363, 0), (2.32476015821128, 28.6548455214311, -0.947234355487639, 1) ),
            125: ( (0.995647916513136, -0.0444752284778437, -0.0818973772387518, 0), (-0.0821780584602986, -0.00451662995004448, -0.996607428610066, 0), (0.0439544429269026, 0.999000277330577, -0.00815186111461823, 0), (0.96697298172531, 30.0505697242959, -0.922194567058709, 1) ),
            126: ( (0.995941896259933, 0.0239082500996743, -0.0867648249508255, 0), (-0.0865640782076904, -0.00930927384956285, -0.996202789487862, 0), (-0.0246251829900756, 0.999670812316159, -0.00720190025159111, 0), (-1.25814776654101, 31.3609703782882, -0.888553086846863, 1) ),
            127: ( (0.991290200103117, 0.104799428797274, -0.0797547422144793, 0), (-0.0787186114692035, -0.0139927540487793, -0.996798667255232, 0), (-0.105579919428353, 0.994394932893013, -0.00562121442498936, 0), (-3.99368328286768, 32.4670279138589, -0.845344169081378, 1) ),
            128: ( (0.983129122200431, 0.176566138776437, -0.0477653400076408, 0), (-0.04641618651211, -0.0117658085940718, -0.998852893762495, 0), (-0.176925596538723, 0.984218453586381, -0.00337178219176822, 0), (-6.55138272612475, 33.4051974878213, -0.788134104489094, 1) ),
            129: ( (0.978074884567897, 0.208076835903646, -0.00857615987677556, 0), (-0.00824426258816084, -0.00246224544753109, -0.999962984055375, 0), (-0.208090250376278, 0.978109384321518, -0.000692820390899254, 0), (-7.79748818856575, 34.4961009710689, -0.708988540936217, 1) ),
            130: ( (0.980980532317106, 0.193522062375041, 0.0150468131007755, 0), (0.0143889862336194, 0.00480444597883195, -0.999884930565966, 0), (-0.1935720854803, 0.981084159830544, 0.0019284817140384, 0), (-7.38427485183568, 35.9306626981002, -0.616208238713173, 1) ),
            131: ( (0.987965499570331, 0.15204023569026, 0.0284242570469652, 0), (0.0274705839231496, 0.0083697904784649, -0.999587571764559, 0), (-0.152215435032988, 0.988338865645113, 0.00409243015321686, 0), (-5.869648825692, 37.536540068596, -0.531094004604771, 1) ),
            132: ( (0.995066403230962, 0.0925663778872347, 0.0356976028553768, 0), (0.0350159370077042, 0.00897830581436241, -0.999346423508712, 0), (-0.0928263826917801, 0.995666036234053, 0.00569271204010674, 0), (-3.5210842684466, 39.1463755209629, -0.464331940168668, 1) ),
            133: ( (0.998835693087974, 0.0283608218154563, 0.0390246332282493, 0), (0.038815485855474, 0.00788821594710127, -0.999215259143789, 0), (-0.0286464006679389, 0.999566626010394, 0.00677819256382266, 0), (-0.852537153616894, 40.6112022979428, -0.420254252024389, 1) ),
            134: ( (0.99878238800671, -0.0293228000458692, 0.039672595116291, 0), (0.0398728897410374, 0.0062775889375616, -0.99918504019037, 0), (0.0290498549292645, 0.999550281512634, 0.00743913007942936, 0), (1.63343270089063, 41.9077211906102, -0.399953931489419, 1) ),
            135: ( (0.996786612437047, -0.0745099878684994, 0.0294059684668961, 0), (0.029902734377516, 0.00556008060925458, -0.999537348966959, 0), (0.0743120161915709, 0.997204766943588, 0.00777026626295264, 0), (3.65787299417191, 43.1056552742037, -0.402863596334608, 1) ),
            136: ( (0.994357670957911, -0.105588381771304, 0.0101939121382988, 0), (0.0109658337787928, 0.00673267990691484, -0.999917207327282, 0), (0.105511007488926, 0.994387130170973, 0.00785255660791013, 0), (5.13244925079627, 44.2851855000002, -0.420691221159713, 1) ),
            137: ( (0.992361529137426, -0.123170121710817, -0.00690772018807648, 0), (-0.00591425096452, 0.00842963210345331, -0.999946980063215, 0), (0.123221820777276, 0.992349768183523, 0.00763678355353731, 0), (6.03413499923065, 45.5030522032382, -0.448122258969761, 1) ),
            138: ( (0.991504686176471, -0.128643578634082, -0.0192168410545499, 0), (-0.018166076918283, 0.00933650824208176, -0.999791389871931, 0), (0.12879616046974, 0.991646942867391, 0.00692024248926819, 0), (6.37576081859707, 46.7869961331265, -0.492740136911575, 1) ),
            139: ( (0.992809150934784, -0.116634793769774, -0.0269502265554106, 0), (-0.0261242694676747, 0.00860477918251552, -0.999621668592119, 0), (0.116822567917899, 0.993137595028915, 0.00549590472003746, 0), (5.84591910792428, 48.1814690832448, -0.566772648330713, 1) ),
            140: ( (0.995529298970502, -0.0892481637038137, -0.0309221629266052, 0), (-0.0305107037590224, 0.00597116780909106, -0.999516604219556, 0), (0.0893896629223144, 0.995991521262742, 0.00322144823806815, 0), (4.5029021570145, 49.6446846669092, -0.6822611544303, 1) ),
            141: ( (0.997983431862971, -0.0548299620106719, -0.0319803844464617, 0), (-0.0319068627785271, 0.0022159880330709, -0.999488389879345, 0), (0.0548727785733999, 0.998493247178768, 0.000462067280055572, 0), (2.77283178726849, 51.0869210044392, -0.826825818514074, 1) ),
            142: ( (0.999431671354622, -0.0189992028509776, -0.0278453691493482, 0), (-0.0278785082530191, -0.00148156175327972, -0.999610220911812, 0), (0.0189505427670118, 0.999818401143125, -0.00201038912126353, 0), (0.930728330573002, 52.4685803163161, -0.962376821603521, 1) ),
            143: ( (0.99978285169833, 0.0135115224253468, -0.0158646844555799, 0), (-0.01581103888592, -0.0040679726254194, -0.999866722442139, 0), (-0.0135742587384022, 0.99990044022412, -0.00385345809990321, 0), (-0.803701212993991, 53.7871221511025, -1.06821132595806, 1) ),
            144: ( (0.999285786860171, 0.037769788931997, -0.00116585811837935, 0), (-0.000971352083211751, -0.00516771940794788, -0.99998617547957, 0), (-0.0377752916065749, 0.999273104672445, -0.00512734074874109, 0), (-2.14088150614783, 55.0689800549402, -1.14440353385114, 1) ),
            145: ( (0.998826036515663, 0.0476349729439095, 0.0088010300991479, 0), (0.00907531021443053, -0.00554474482328002, -0.999943445675423, 0), (-0.047583479454226, 0.998849420663623, -0.00597053763260025, 0), (-2.7135384013708, 56.362996203275, -1.19628523986993, 1) ),
            146: ( (0.998826627300891, 0.0469406307246347, 0.011914099904975, 0), (0.0122055718865203, -0.00592763910844699, -0.999907939317054, 0), (-0.0468656868568064, 0.998880093044227, -0.00649362096997435, 0), (-2.7198845292944, 57.6818408032354, -1.2299095837902, 1) ),
            147: ( (0.998973639840806, 0.0441051542310333, 0.0103151476099628, 0), (0.010603536138016, -0.00630971015879994, -0.999923873391645, 0), (-0.0440367110609183, 0.999006968408214, -0.00677090469263303, 0), (-2.61609046939357, 59.0058571722178, -1.24915727806904, 1) ),
            148: ( (0.999256316451821, 0.0378004015288983, 0.00761207399002657, 0), (0.00786561962229011, -0.00656330428227803, -0.999947526155274, 0), (-0.0377484576433624, 0.999263755311615, -0.00685574681233018, 0), (-2.29549642369865, 60.3382183836024, -1.25631572988212, 1) ),
            149: ( (0.999583611986927, 0.0284171015607625, 0.00500709352202475, 0), (0.00519164163214954, -0.00642420118878993, -0.999965887665942, 0), (-0.0283839655874075, 0.999575508892445, -0.00656905760079938, 0), (-1.76529479445196, 61.6751176850542, -1.23952374927905, 1) ),
            150: ( (0.999805369592552, 0.0195221711862816, 0.00284741395573109, 0), (0.00296229472729216, -0.00585824039944544, -0.999978452682219, 0), (-0.0195050696659706, 0.999792261347925, -0.00591493069520525, 0), (-1.24034554555166, 63.0072770928383, -1.19774235077165, 1) ),
            151: ( (0.999920068049942, 0.0125805360084996, 0.00126000987532571, 0), (0.00132347145242955, -0.00503737524581758, -0.999986436544619, 0), (-0.0125740182069971, 0.999908173266602, -0.00505362248184898, 0), (-0.817693901586168, 64.3337851115586, -1.14016330306704, 1) ),
            152: ( (0.999982600596857, 0.00589103763104502, 0.000306886120959858, 0), (0.000330817908622404, -0.00406186160262045, -0.999991695884833, 0), (-0.00588974215711758, 0.999974398149853, -0.00406373981229472, 0), (-0.391456745621958, 65.6575480249395, -1.0713913096983, 1) ),
            153: ( (0.999997092240302, 0.00241152619651075, -7.22536530606277e-06, 0), (8.21229824537275e-22, -0.00299616601750911, -0.999995511484064, 0), (-0.00241153695797008, 0.999992603737654, -0.00299615731205804, 0), (-0.163703534416822, 66.9784429825729, -0.994594018102969, 1) ),
            154: ( (0.999999630191262, 0.000860003837033219, -3.26502602732148e-06, 0), (-1.63422178567281e-06, -0.00189626945257177, -0.999998202077644, 0), (-0.000860008465592987, 0.999997832275221, -0.00189626729673219, 0), (-0.0577397961316681, 68.2987236104745, -0.912917114313501, 1) ),
            155: ( (0.999999983463914, 0.000181852328751119, -1.37260661170479e-06, 0), (-1.2219705455835e-06, -0.000828339921099177, -0.99999965692527, 0), (-0.000181853454124578, 0.999999640391097, -0.000828339650511367, 0), (-0.0105229944595398, 69.6191667913658, -0.831331518179428, 1) ),
            156: ( (1, 0, 0, 0), (0, 0, -0.999999999999559, 0), (0, 0.99999999999978, 0, 0), (0.00259511650170078, 70.9416824658573, -0.76642202836726, 1) ),
        }
        custom matrix4d constraintTargets:Anim:Face:CraniumSpace
        matrix4d constraintTargets:Anim:Face:CraniumSpace.timeSamples = {
            101: ( (0.99999999969364, -1.31387121234811e-08, 2.47531811887906e-05, 0), (6.62287186698706e-16, 0.999999859131637, 0.000530788757822898, 0), (-2.47531846765005e-05, -0.000530788757798438, 0.999999858825277, 0), (7.11855565624668e-06, 0.000152441090583773, 0.000768281178979188, 1) ),
            102: ( (0.999999999693641, -4.57434138936172e-09, 2.47531842552819e-05, 0), (-1.66663731496964e-15, 0.999999982915928, 0.000184846321600711, 0), (-2.47531846738169e-05, -0.000184846320529725, 0.999999982609557, 0), (7.11855565502153e-06, 5.3133638347358e-05, 0.000267543533622838, 1) ),
            103: ( (0.999999999693629, -2.0418943200646e-09, 2.47531845887463e-05, 0), (1.34640943554243e-14, 0.999999996605322, 8.23954667016195e-05, 0), (-2.47531846756963e-05, -8.23954660353734e-05, 0.999999996299135, 0), (7.1185556345249e-06, 2.36904906678603e-05, 0.000119256681971009, 1) ),
            104: ( (0.999999610564568, 6.01894222150935e-07, -0.00088253632874459, 0), (-2.62893630132998e-14, 0.99999976743458, 0.000682007446862634, 0), (0.000882536534001725, -0.000682007182113555, 0.999999377997537, 0), (-0.000253801097313378, 0.000195795983403357, 0.000987286814526466, 1) ),
            105: ( (0.999985193021864, -0.00327277066241922, -0.00434772459475878, 0), (0.00328438973974623, 0.999991047233132, 0.00266800352989674, 0), (0.00433895390682484, -0.00268224364860629, 0.999986989439367, 0), (0.00350588050145534, 0.000758405564025288, 0.00386529395148504, 1) ),
            106: ( (0.999825451914472, -0.0143541455170688, -0.0119592729912793, 0), (0.0144307865959285, 0.999875725980985, 0.00634704643438584, 0), (0.0118666803362334, -0.00651852028376237, 0.999908341194889, 0), (0.0174738567296411, 0.00169473643200924, 0.00921279853050971, 1) ),
            107: ( (0.999136573992283, -0.0348293445411044, -0.0226500169932994, 0), (0.0351069449468316, 0.999311801558685, 0.0119760465415714, 0), (0.0222173114354941, -0.012760879013922, 0.999671721636359, 0), (0.0444229806821643, 0.00267372304402702, 0.0174280160311577, 1) ),
            108: ( (0.997547326082251, -0.0633428299939121, -0.0297828493302743, 0), (0.0639391272038222, 0.997762999868846, 0.0195136901439998, 0), (0.0284801727351879, -0.0213701188200744, 0.999365897848565, 0), (0.0843523457550706, 0.00290791203983609, 0.028425623025365, 1) ),
            109: ( (0.995270718610958, -0.0914507831110452, -0.0327559298947336, 0), (0.0923862275807425, 0.995321538848786, 0.0282810757683493, 0), (0.0300163560223841, -0.0311735234030521, 0.99906317608553, 0), (0.125083664766338, 0.00219352429952124, 0.0412022130928136, 1) ),
            110: ( (0.993533041553106, -0.109349519260151, -0.030574139085797, 0), (0.110451373544658, 0.993191570696171, 0.0370269896743681, 0), (0.0263170937012078, -0.0401644933435754, 0.998846446684284, 0), (0.152294210970263, 0.00169633671964142, 0.0539229961231352, 1) ),
            111: ( (0.993152256579921, -0.115203115709341, -0.0194122997312623, 0), (0.115970570301351, 0.992249986124011, 0.0446182906994975, 0), (0.0141216880334115, -0.0465640115540332, 0.998815483838218, 0), (0.163789628396538, 0.00217391068029826, 0.0649192196425537, 1) ),
            112: ( (0.994230990232148, -0.107256463494528, 0.000888314314120578, 0), (0.10707458839018, 0.992963926767613, 0.0505734381028137, 0), (-0.00630639218674054, -0.0501865635650744, 0.998719949863404, 0), (0.156788706842276, 0.00424901580541004, 0.0735659149744126, 1) ),
            113: ( (0.996589664269717, -0.0787195074472512, 0.0247442966904471, 0), (0.07726939301447, 0.995496178503229, 0.0549253993569069, 0), (-0.0289565531778036, -0.0528261085115463, 0.998183810872226, 0), (0.120163727557614, 0.00867317111866228, 0.0800189381599006, 1) ),
            114: ( (0.998562657674317, -0.0297565861689255, 0.0445776208358643, 0), (0.0271586360184442, 0.997959128792277, 0.0577926095840907, 0), (-0.0462063544204472, -0.0564988744303934, 0.997332868203796, 0), (0.0525963178222058, 0.0132941572625995, 0.0844135289235374, 1) ),
            115: ( (0.998053417583314, 0.0248595803086913, 0.0571959519150004, 0), (-0.0282507306348094, 0.997842369881346, 0.0592663572986967, 0), (-0.05559920743571, -0.0607668178807253, 0.996602288767589, 0), (-0.0248995814793216, 0.0143525470398025, 0.0867566683734604, 1) ),
            116: ( (0.995834148224989, 0.0664267123197294, 0.0624647190000989, 0), (-0.0701593954924392, 0.995754166312688, 0.0595927803233577, 0), (-0.0582409517137951, -0.0637270125915669, 0.996266460044417, 0), (-0.08479664507303, 0.0121814684556867, 0.0873256969726124, 1) ),
            117: ( (0.994216857838142, 0.0895649040225765, 0.0592534181115976, 0), (-0.0930504559400859, 0.993915328504446, 0.058940074881889, 0), (-0.0536139183786258, -0.0641127735763881, 0.99650143001318, 0), (-0.11925881986099, 0.00963095263255909, 0.0863134264884273, 1) ),
            118: ( (0.99431305326318, 0.0973947082798033, 0.0430792631132403, 0), (-0.09977480062165, 0.993372537795493, 0.0570612856639286, 0), (-0.037236289655348, -0.0610350060738501, 0.997440818678838, 0), (-0.133701245591362, 0.00796023220025788, 0.0833239979145007, 1) ),
            119: ( (0.997032870948187, 0.0761540062228173, 0.0112259335824202, 0), (-0.0766494124570609, 0.99561558726194, 0.053614083949695, 0), (-0.00709378717410306, -0.0543154652591714, 0.998498627147911, 0), (-0.108898987066161, 0.0092743097119552, 0.0780304619204819, 1) ),
            120: ( (0.999222907858341, 0.0302211950801543, -0.0253033550864285, 0), (-0.0289830199956763, 0.998429284778281, 0.0479473444147525, 0), (0.0267126367727131, -0.0471767172649195, 0.998529314734416, 0), (-0.049630821151361, 0.0112937615828059, 0.069819844220947, 1) ),
            121: ( (0.998492435054689, -0.020352869127896, -0.0509766403232012, 0), (0.0223853082049823, 0.998963975317703, 0.039621635166183, 0), (0.0501174133085822, -0.0407030308041554, 0.997913577504601, 0), (0.0179866860684563, 0.010205937477501, 0.0579466490756403, 1) ),
            122: ( (0.995926364349134, -0.0637818322025544, -0.0637381728293605, 0), (0.0657574455947742, 0.997402655464817, 0.0293921965288969, 0), (0.0616979346840615, -0.0334637228645415, 0.997533730812268, 0), (0.0774312901053471, 0.00586426082443481, 0.0432502410100868, 1) ),
            123: ( (0.993420826440958, -0.092940332548105, -0.0669115549011602, 0), (0.0944237983463689, 0.99534395573343, 0.0193534516338065, 0), (0.0648012955091006, -0.0255441650614364, 0.997571194316869, 0), (0.118029254262168, 0.000607070764090167, 0.0287098241375525, 1) ),
            124: ( (0.992817502388457, -0.103690426202126, -0.0596800005422785, 0), (0.104536787117885, 0.994457612350151, 0.0112301980213632, 0), (0.0581847668275965, -0.0173882926790671, 0.998154386949451, 0), (0.134569145327724, -0.00302126183457574, 0.0167848645414312, 1) ),
            125: ( (0.995719195813729, -0.0870018330079655, -0.0312083985774789, 0), (0.0872098319214659, 0.996175522090545, 0.00536417495079199, 0), (0.0306223496951255, -0.00806289114350909, 0.999498504994008, 0), (0.117417302142252, -0.00321664600455662, 0.0079080943311278, 1) ),
            126: ( (0.999393549291691, -0.0346895819809646, -0.00302762932137672, 0), (0.0346939396981119, 0.999397005033536, 0.00139887068647743, 0), (0.0029772774379338, -0.00150306273764209, 0.999994438295442, 0), (0.0493582908456682, -0.00044049639519983, 0.0020262640793722, 1) ),
            127: ( (0.999447007025947, 0.030756766256348, 0.0126373050003875, 0), (-0.0307455929504098, 0.999526661689838, -0.00107752723945895, 0), (-0.012664464536372, 0.00068838996841698, 0.999919565493739, 0), (-0.0408577704515984, -0.000883057777791407, -0.00153643462681577, 1) ),
            128: ( (0.996138359658957, 0.0851442750979632, 0.0214201035708856, 0), (-0.0851127880238573, 0.996368482800977, -0.00237903402788492, 0), (-0.0215448772248805, 0.000546722364737946, 0.999767732705938, 0), (-0.116992644305958, -0.00541332727937771, -0.00337651470254076, 1) ),
            129: ( (0.99193902216726, 0.123945589210907, 0.0263527459545278, 0), (-0.123916005582786, 0.99228887491408, -0.00275902612572424, 0), (-0.0264915057439577, -0.000528741385633694, 0.999648898641907, 0), (-0.171732176881335, -0.0110086922106305, -0.00389232428246563, 1) ),
            130: ( (0.988285262914323, 0.149844420141331, 0.028963578108623, 0), (-0.149855534580496, 0.988706267263551, -0.00179884086826841, 0), (-0.0289060174727613, -0.00256258450437355, 0.999578848973201, 0), (-0.208581554752776, -0.0156091061221346, -0.00248244889362673, 1) ),
            131: ( (0.985689091234175, 0.165837332562745, 0.0302488768562236, 0), (-0.16596194498587, 0.986130795788923, 0.00163900543715129, 0), (-0.0295575407223745, -0.00663571221837112, 0.999541054239316, 0), (-0.231705907072116, -0.0181653771995727, 0.00250420950717586, 1) ),
            132: ( (0.984377731349552, 0.174242507116789, 0.0252988286881779, 0), (-0.174501656815339, 0.984620980070409, 0.00840817354849928, 0), (-0.0234446962591113, -0.0126915063294575, 0.999644572777764, 0), (-0.245823855469576, -0.0186090838356279, 0.0122718392288692, 1) ),
            133: ( (0.984154564606999, 0.176866054751705, 0.0125774257405134, 0), (-0.177075331654013, 0.984030476428301, 0.0181203852147212, 0), (-0.00917168919947565, -0.0200604116772125, 0.999756700403182, 0), (-0.25365353196854, -0.0173445933964089, 0.0262966264885827, 1) ),
            134: ( (0.98900761075915, 0.147864573380588, -0.000117477255999844, 0), (-0.147801379503429, 0.988607542293356, 0.0284583837962486, 0), (0.00432412567741729, -0.0281281948483397, 0.999594971271307, 0), (-0.21516483130305, -0.00839980086033165, 0.0413059066174402, 1) ),
            135: ( (0.996863186024888, 0.0783671263797394, -0.0110626334318345, 0), (-0.0779027668463583, 0.996254295784984, 0.0375304806408461, 0), (0.0139623519984571, -0.0365509447750658, 0.999234247393246, 0), (-0.116768391834464, 0.00509000117600067, 0.0545402027848979, 1) ),
            136: ( (0.999736660818102, 0.0121936356593894, -0.0194402741758059, 0), (-0.0113148282960032, 0.998936740957237, 0.0446918591981723, 0), (0.0199645603787845, -0.0444601266568126, 0.998811650645223, 0), (-0.0221180272775454, 0.0112469919284592, 0.0650268018419329, 1) ),
            137: ( (0.999045978260271, -0.0358657979694385, -0.0249154139694941, 0), (0.037081490747159, 0.998051691427185, 0.0501775282927776, 0), (0.0230672139622551, -0.0510535585487026, 0.998429485643205, 0), (0.0470364362770797, 0.0118621585372978, 0.0730764244147168, 1) ),
            138: ( (0.997303494663452, -0.0679363995281527, -0.027755812991322, 0), (0.0693688046478931, 0.996106883298619, 0.0543971143045616, 0), (0.0239522122736572, -0.0561758198251717, 0.998133542566507, 0), (0.093513182263318, 0.010520394671893, 0.0792687775566176, 1) ),
            139: ( (0.995772749772656, -0.0879285607725377, -0.0265555834450668, 0), (0.089339204324578, 0.994330116062179, 0.0576725827103523, 0), (0.0213339491650859, -0.0598012410124313, 0.997982301540765, 0), (0.123170434726034, 0.00899137973213016, 0.0840530422977067, 1) ),
            140: ( (0.994888248410737, -0.0988012093326636, -0.0208732893722042, 0), (0.099894527432877, 0.99317358191755, 0.0602272323131138, 0), (0.0147802761884995, -0.0620044930352108, 0.997966425425232, 0), (0.140332464983247, 0.00795107707471487, 0.0877550967743692, 1) ),
            141: ( (0.994653383360415, -0.102459878713307, -0.0129081457462915, 0), (0.10306878436105, 0.992726735381537, 0.0622129770428543, 0), (0.00643992730133268, -0.0632107750004764, 0.997979421261519, 0), (0.14732527565741, 0.00765123571471094, 0.0906254400288487, 1) ),
            142: ( (0.995457604718145, -0.0950934970408769, -0.00462428664184747, 0), (0.0951945201695936, 0.993414278974468, 0.0637657717163051, 0), (-0.00146987784501773, -0.063916329042977, 0.997954178475387, 0), (0.138203120830788, 0.00884926079606885, 0.0928801469170614, 1) ),
            143: ( (0.997724925153797, -0.0673608129328389, 0.00273762840029754, 0), (0.067041109877669, 0.995631055353491, 0.0649945477145554, 0), (-0.00710375342257898, -0.0646631466463604, 0.997881863828374, 0), (0.099075296218382, 0.0122724989961824, 0.094679420244535, 1) ),
            144: ( (0.999441350342944, -0.0326706203838462, 0.00704398970883496, 0), (0.0321371167901183, 0.997313402236882, 0.0658269206277997, 0), (-0.00917567167608118, -0.0655637728724386, 0.997806192972889, 0), (0.0491526187078168, 0.0149664581901163, 0.0959059221431853, 1) ),
            145: ( (0.999931309322173, -0.00909940057206283, 0.00738766152930003, 0), (0.00859013136832274, 0.997765252572884, 0.0662624357816081, 0), (-0.00797410042180805, -0.0661944231532623, 0.997774880454716, 0), (0.0147261858372629, 0.0158018088474705, 0.0965452727373574, 1) ),
            146: ( (0.999971859070028, 0.00421325127859562, 0.00620722001932483, 0), (-0.00461614620242396, 0.997782980497964, 0.0663913780106518, 0), (-0.00591373493613064, -0.0664181630461579, 0.997774350919299, 0), (-0.00498052905956525, 0.015891812455024, 0.0967320504196854, 1) ),
            147: ( (0.999931599994801, 0.0107580913618548, 0.00458898703631751, 0), (-0.0110259017496074, 0.997953007180367, 0.0629938488774964, 0), (-0.00390189983282225, -0.0630401377539008, 0.998003364829072, 0), (-0.0148362971101617, 0.0151664444214106, 0.0917487542640629, 1) ),
            148: ( (0.999915089723851, 0.0126952567637388, 0.00294003361306586, 0), (-0.0128397391312986, 0.998355239970271, 0.0558744654106429, 0), (-0.0022258572779415, -0.0559074703457784, 0.998433473154966, 0), (-0.0179435652802877, 0.0136973935469058, 0.0813207768716271, 1) ),
            149: ( (0.999947264808441, 0.0101631150055477, 0.00147604015083131, 0), (-0.010221488534205, 0.998832012735046, 0.0472242686961728, 0), (-0.000994370483173725, -0.0472368655790051, 0.998883221280599, 0), (-0.0145081758318562, 0.0118939516370844, 0.0686715189038612, 1) ),
            150: ( (0.999993190790188, 0.00366980297435834, 0.00038848204681729, 0), (-0.00368192809353404, 0.999268938943655, 0.0380530031929217, 0), (-0.000248551019004153, -0.0380541744962998, 0.999275646672118, 0), (-0.00525758409367283, 0.00988556666997908, 0.0552845735699694, 1) ),
            151: ( (0.999994768702467, -0.00323323082625399, -9.37356653093601e-05, 0), (0.00323458938224981, 0.999574786952995, 0.0289790027655462, 0), (-3.01330141394551e-14, -0.0289791542875977, 0.999580016113922, 0), (0.00468160406919582, 0.00771842721086102, 0.042063728710821, 1) ),
            152: ( (0.999969901771844, -0.00775695369790065, -0.000158806121767079, 0), (0.00775857918197827, 0.999760407293313, 0.0204678380118094, 0), (-5.87768061218602e-13, -0.0204684540761558, 0.999790499247618, 0), (0.0112294303288109, 0.00553956853535453, 0.0296845077083162, 1) ),
            153: ( (0.999957551012996, -0.00921314172017219, -0.000119125311424394, 0), (0.00921391188839784, 0.999873973478869, 0.0129283040578457, 0), (9.80112200081327e-14, -0.0129288529248163, 0.99991641888755, 0), (0.0133358156213063, 0.00353569428725109, 0.0187359017907145, 1) ),
            154: ( (0.999978565272395, -0.00654729182545612, -4.43239019048668e-05, 0), (0.00654744183284397, 0.999955651374973, 0.00676950678237631, 0), (-3.59809090667498e-14, -0.00676965184046101, 0.99997708564424, 0), (0.00947648275076717, 0.00188263541878086, 0.00980447965771453, 1) ),
            155: ( (0.999997158681966, -0.00238381917095225, -5.83884501555363e-06, 0), (0.00238382623969246, 0.999994159042578, 0.00244935151853854, 0), (-1.91923982030562e-14, -0.00244935838270351, 0.999997000317304, 0), (0.00345024649645339, 0.00069593843809912, 0.00354594759369325, 1) ),
            156: ( (1, 0, 0, 0), (0, 0.999999859098441, 0.000530788757842431, 0), (0, -0.00053078878181622, 0.999999859131625, 0), (4.77048955893622e-18, 0.000152438683329592, 0.000768281090875719, 1) ),
        }
        custom matrix4d constraintTargets:Anim:Face:Eyes:LEye:EyeSpace
        matrix4d constraintTargets:Anim:Face:Eyes:LEye:EyeSpace.timeSamples = {
            101: ( (0.4392194048363, 0.221695205179778, 0.000128545419718255, 0), (-0.22516741841384, 0.419448221977296, -0.0857718263923722, 0), (-0.0397155376698802, 0.0736931423903556, 0.48770536783592, 0), (0.235909423132995, -2.62751336930342, 0.620825426423437, 1) ),
            102: ( (0.439219404836409, 0.221695236384099, 5.18516288061825e-05, 0), (-0.225167418413867, 0.419418524755917, -0.0859169262070914, 0), (-0.0397155376699646, 0.0738618559730607, 0.487679845065949, 0), (0.235909423132995, -2.62739801543074, 0.621233672831655, 1) ),
            103: ( (0.439219404836391, 0.221695240529212, 2.9138762519084e-05, 0), (-0.225167418413846, 0.419409720298008, -0.0859598955428475, 0), (-0.0397155376700106, 0.0739118188015989, 0.487672275295681, 0), (0.235909423132953, -2.62736382627927, 0.621354567339614, 1) ),
            104: ( (0.439219233923303, 0.221695454982353, -0.000236429275127546, 0), (-0.22524534761987, 0.419461048130933, -0.0855040695613774, 0), (-0.0392730668139104, 0.073619366934742, 0.487752338815257, 0), (0.236212243202268, -2.62756360246745, 0.620432785253412, 1) ),
            105: ( (0.439941035037789, 0.220255793012709, -0.00131812132070642, 0), (-0.224161832968556, 0.420366452762888, -0.0838898174185198, 0), (-0.0373440259289119, 0.072773236643553, 0.488030745690349, 0), (0.233487303583728, -2.6289933673241, 0.617267714726794, 1) ),
            106: ( (0.44234197679393, 0.215363071974558, -0.00384563477045682, 0), (-0.220098336668033, 0.423143152015499, -0.0806261653471809, 0), (-0.032842360288249, 0.0713338512399794, 0.488566668962825, 0), (0.222810335883417, -2.63275237966337, 0.611104561728113, 1) ),
            107: ( (0.446623214175518, 0.20624494787443, -0.00729329444754885, 0), (-0.212161626186245, 0.428053805337305, -0.0758377712298825, 0), (-0.0262383032325697, 0.0690608908938107, 0.489292012787151, 0), (0.201706077354542, -2.63900152411074, 0.601861320928018, 1) ),
            108: ( (0.452317143282362, 0.193377909791019, -0.00875511309887542, 0), (-0.200250019131933, 0.434564901320133, -0.0710440695604429, 0), (-0.020988815199571, 0.0658799945353005, 0.489983494560102, 0), (0.16940070089581, -2.64677512499035, 0.591182188846803, 1) ),
            109: ( (0.457623799911048, 0.180491091048385, -0.00811726009588049, 0), (-0.187938702247858, 0.440712984982277, -0.0666715270090684, 0), (-0.018045559858042, 0.0620346282349505, 0.490602274405595, 0), (0.135809482779586, -2.65379842292959, 0.580034380717003, 1) ),
            110: ( (0.46086553533728, 0.17215741500571, -0.00522004773318999, 0), (-0.179652765032106, 0.444623044451571, -0.0634761041909036, 0), (-0.0184446231459909, 0.0582031538665403, 0.49105673576512, 0), (0.112847974496071, -2.65850949815055, 0.570156743915597, 1) ),
            111: ( (0.461921866849988, 0.16937765705463, 0.00136540402497408, 0), (-0.176203588920067, 0.446096480445821, -0.0628029363801078, 0), (-0.0239686479485436, 0.0552450949507326, 0.491159864385118, 0), (0.102173986405095, -2.66091598646842, 0.563822100122006, 1) ),
            112: ( (0.460423470738005, 0.173026258149956, 0.0116020554924361, 0), (-0.178420897432868, 0.444918064163582, -0.0648681970695131, 0), (-0.0346314570721895, 0.0532157829793976, 0.490747665919493, 0), (0.106105345786262, -2.66109310802291, 0.561552525101854, 1) ),
            113: ( (0.454851776138631, 0.186121631172075, 0.0230448749808467, 0), (-0.189504714554517, 0.43978141522544, -0.0683685117990493, 0), (-0.0479749982648694, 0.0509828125773688, 0.489860879584241, 0), (0.134269240885316, -2.65822999149045, 0.561866349203351, 1) ),
            114: ( (0.444609036718582, 0.208173120685036, 0.0323917026767272, 0), (-0.209482265095968, 0.430105241306775, -0.071558685277795, 0), (-0.0601712853667099, 0.0474298676456318, 0.488870486997063, 0), (0.188105287922937, -2.65081121050675, 0.562878031480509, 1) ),
            115: ( (0.432101375630352, 0.232135715916129, 0.0382606414014893, 0), (-0.231798753279068, 0.41812537054043, -0.0737190337889704, 0), (-0.0688292862998304, 0.0431714460831936, 0.488122202502018, 0), (0.250231140904303, -2.63921343222769, 0.563872011892563, 1) ),
            116: ( (0.421835677855761, 0.249929862138272, 0.0406471525765956, 0), (-0.248648485291551, 0.40814446398379, -0.0747396194727558, 0), (-0.0731286951665106, 0.0399230702537155, 0.487773381180276, 0), (0.298276968464677, -2.62793127716027, 0.564617713362803, 1) ),
            117: ( (0.416050493347326, 0.259684943302962, 0.0390919852198825, 0), (-0.258282765254353, 0.402196405575878, -0.0743104834934599, 0), (-0.0725008706087707, 0.0386802951193719, 0.487967199221198, 0), (0.326451211948385, -2.6204315685116, 0.564708738052494, 1) ),
            118: ( (0.41460198902271, 0.263003611158192, 0.031571463855335, 0), (-0.268050515198529, 0.401900146569556, -0.0178839869783777, 0), (-0.0360475695176173, -0.00394686130085127, 0.493810554721361, 0), (0.339876406538928, -2.6169163397206, 0.563423530674158, 1) ),
            119: ( (0.420923374257494, 0.254171556044909, 0.016816635194017, 0), (-0.260512805207069, 0.405033109709072, 0.0418142120923679, 0), (0.00785811412521411, -0.0446062384834506, 0.493092157694342, 0), (0.323294082109532, -2.62233073337287, 0.560329559902028, 1) ),
            120: ( (0.432452693385523, 0.234620757401535, -0.000484026432635822, 0), (-0.240729845196395, 0.41820133539979, -0.0309086309075911, 0), (-0.014590195234117, 0.0249621087346279, 0.494190219443287, 0), (0.278852137646702, -2.63410382776476, 0.558408538172076, 1) ),
            121: ( (0.443519969517666, 0.212526185376614, -0.0136060016267697, 0), (-0.219751172184488, 0.427050979014788, -0.0577136646962126, 0), (-0.0135475555443161, 0.0548339321848203, 0.491603735341621, 0), (0.225880242663038, -2.64450473377159, 0.56197035184274, 1) ),
            122: ( (0.452008297970176, 0.193105204862634, -0.0214789322161757, 0), (-0.201978778500867, 0.435552537312531, -0.0590977471420669, 0), (-0.00459077726690338, 0.0599731226404474, 0.491168686205854, 0), (0.17796294151037, -2.65049111994829, 0.570903394022502, 1) ),
            123: ( (0.457263011117014, 0.179841821754871, -0.0250982851824399, 0), (-0.189658718270645, 0.44057372563568, -0.0625966956563704, 0), (-0.000857957412837444, 0.0648406795239158, 0.490570564927588, 0), (0.144582226214922, -2.65229684224444, 0.582012760813706, 1) ),
            124: ( (0.45924002097866, 0.17492367387988, -0.0237229328567554, 0), (-0.184712506031159, 0.441921270292242, -0.0676820835359201, 0), (-0.00331279139522182, 0.0691792998680792, 0.489967120195395, 0), (0.130297744771104, -2.65106415605634, 0.5934987947592, 1) ),
            125: ( (0.456673197513924, 0.1826344803118, -0.0125181221887848, 0), (-0.190262788359558, 0.438082122342022, -0.0766688259945528, 0), (-0.0181506475531779, 0.0731914398593119, 0.489058377001403, 0), (0.1422256484998, -2.64604069952665, 0.607586291233781, 1) ),
            126: ( (0.446644521414945, 0.206325223554231, -0.00101967057355262, 0), (-0.21073827573109, 0.427090022617974, -0.0847199808525605, 0), (-0.0356617814718749, 0.0745517101405797, 0.48788811098219, 0), (0.195830474946272, -2.63531050496579, 0.61907918655574, 1) ),
            127: ( (0.432160368054718, 0.235099273868304, 0.00531166692080773, 0), (-0.236850809432497, 0.412219435874273, -0.0892794166071443, 0), (-0.048131252268888, 0.073031551143368, 0.487046511202469, 0), (0.267838188961855, -2.61929189743005, 0.625671923744309, 1) ),
